time: 1742642155.5196533 - {'type': 'rear_info', 'start_time': 0.0, 'push_time': 8.32, 'info': {'owner_code': ('GAOU', 0.99246705), 'container_number': ('645743', 0.9981413), 'check_digit': ('8', 0.9871451), 'container_type': ('45G1', 0.9893274), 'rear_license_plate': ('51R06914', 0.94718707), 'front_license_plate': (None, 0)}, 'is_done': False}
time: 1742642174.1907406 - {'type': 'rear_info', 'start_time': 7.55, 'push_time': 19.72, 'info': {'owner_code': ('TCLU', 0.98162436), 'container_number': ('199995', 0.9986203), 'check_digit': ('8', 0.98859113), 'container_type': ('22G1', 0.982275), 'rear_license_plate': ('50R0002', 0.93010026), 'front_license_plate': (None, 0)}, 'is_done': False}
